933 165 314 4 0.406910691062701 0.0653804930332262 19.7379999999976
1240 196 559 4 0.34615545921342 0.0782258064516129 22.7549999999901
297 43 137 4 0.347259558554368 0.0740740740740741 4.98500000000058
3131 496 976 22 0.432103134205173 0.0772916001277547 1714.537
631 92 212 32 0.424185979623939 0.080824088748019 658.376000000004
2731 439 873 16 0.426749583711245 0.0845844013181985 735.947
525 81 221 22 0.368839719225499 0.0723809523809524 177.051000000007
2029 334 222 18 0.558732395328258 0.0951207491375062 822.956999999995
1891 310 518 32 0.457432462046171 0.0761501850872554 2158.674
1409 225 510 28 0.397110497340436 0.0865862313697658 813.890999999989
3022 527 228 14 0.5792665316122 0.099933818663137 940.952999999994
515 84 198 12 0.383478181162425 0.0640776699029126 67.9130000000005
1621 258 454 28 0.458120009116511 0.0900678593460827 1178.727
1524 233 28 14 0.641742407216402 0.101049868766404 521.962999999989
3162 520 407 10 0.544105091700198 0.105945604048071 425.54800000001
3458 581 682 14 0.493084351537078 0.0777906304222094 946.570999999996
1499 225 191 20 0.576299373407296 0.122081387591728 706.766000000003
469 85 44 6 0.55860186882444 0.0746268656716418 22.6370000000024
550 77 19 10 0.710057556501992 0.12 75.5339999999997
2170 355 390 28 0.509943199066839 0.0889400921658986 1652.424
1177 212 142 4 0.543822749749538 0.0926083262531861 32.6079999999929
782 124 40 24 0.631029267075241 0.11381074168798 553.981
74 12 10 16 0.653707749233205 0.135135135135135 17.4210000000021
2883 486 480 6 0.511848523585492 0.0735345126604232 139.346999999994
1814 278 209 16 0.580253843727891 0.121278941565601 636.85500000001
483 90 55 12 0.533040409426552 0.0496894409937888 93.6919999999955
2776 454 448 26 0.520149162288778 0.10014409221902 2501.59400000001
2114 360 178 8 0.574569163417289 0.0950804162724693 185.606
517 91 71 6 0.534070511278445 0.0773694390715667 23.9809999999998
3202 506 549 24 0.523798356228373 0.107120549656465 2012.79100000001
2661 414 265 22 0.567271920706855 0.109357384441939 1466.101
3443 570 525 10 0.520845501737249 0.0836479814115597 429.270999999993
2102 340 71 4 0.604154402455741 0.09895337773549 61.7960000000021
3619 576 647 28 0.517892569202082 0.10223818734457 3415.22
440 80 35 20 0.587232856851406 0.0931818181818182 210.235000000001
2098 350 416 4 0.49651557948257 0.0786463298379409 55.919000000009
2580 449 187 30 0.580108343322677 0.102713178294574 3409.936
343 64 47 12 0.566544270182596 0.116618075801749 65.1180000000022
1504 249 99 22 0.604960640105529 0.107712765957447 872.615999999995
1938 329 351 16 0.505520972729636 0.0944272445820433 619.687999999995
691 116 93 18 0.571796505317887 0.108538350217077 262.228000000003
1561 247 81 22 0.65251524853315 0.1319666880205 908.603000000003
2062 314 8 26 0.715487120520609 0.108632395732299 1873.228
984 163 73 18 0.593470162068458 0.11890243902439 403.569000000003
3015 505 134 30 0.593031735216193 0.0922056384742952 4146.033
3086 510 72 22 0.620774705061061 0.104666234607907 1913.47100000001
619 86 10 10 0.737953582379054 0.126009693053312 90.6240000000107
923 147 36 16 0.657276695685284 0.133261105092091 344.644
645 104 81 28 0.571782422472635 0.108527131782946 612.146000000008
382 72 44 22 0.54344650860871 0.0785340314136126 201.440000000002
3630 591 363 16 0.562803695437648 0.109090909090909 1274.36
3376 544 404 6 0.557887592890765 0.111078199052133 166.573000000004
1240 199 247 6 0.497056262692518 0.0838709677419355 54.7189999999973
3411 525 303 12 0.590629323040053 0.119319847552038 704.949999999997
491 78 98 10 0.509514511757037 0.0977596741344195 55.3689999999915
97 15 17 28 0.568063238736678 0.103092783505155 46.4649999999965
580 88 64 18 0.596473657250168 0.110344827586207 223.333999999988
2225 375 380 16 0.517089234488971 0.08 717.485000000001
1766 286 188 6 0.553891468496156 0.0883352208380521 89.1040000000066
1433 249 156 20 0.567290134414457 0.128401953942777 676.421000000002
464 81 83 18 0.515404993057412 0.0775862068965517 162.482000000004
3498 566 358 20 0.565195529161408 0.101200686106346 2051.16
3639 579 414 18 0.560644672872215 0.119813135476779 1573.982
1701 272 249 12 0.525259024003299 0.0834803057025279 329.131999999998
2274 382 156 10 0.580790795236299 0.0963060686015831 311.462
409 68 24 26 0.665010385090267 0.127139364303178 323.013999999996
2414 376 276 32 0.569178394658784 0.119718309859155 3572.37900000002
2825 470 393 26 0.533268096247325 0.0789380530973451 2207.86300000001
243 38 27 30 0.580242407302603 0.0905349794238683 225.826000000001
189 26 18 12 0.657439824275676 0.111111111111111 34.6699999999837
403 65 56 22 0.565408831296307 0.109181141439206 204.978000000003
805 106 158 30 0.555160106635504 0.0981366459627329 857.072999999975
817 122 69 30 0.638000974070211 0.126070991432069 999.277999999991
53 9 11 20 0.535443806286251 0.0943396226415094 9.23399999999674
3525 575 464 30 0.545839271568143 0.10241134751773 4281.299
1532 237 203 14 0.577747042825622 0.110966057441253 441.057000000001
3407 571 287 12 0.577351821701685 0.113296154975051 709.438999999984
3156 515 22 30 0.684160862644485 0.132446134347275 4396.348
1282 213 102 12 0.56112408479351 0.0741029641185647 261.421999999991
1029 166 87 24 0.609578486940072 0.128279883381924 696.698000000004
1861 301 337 4 0.513807850391837 0.092960773777539 46.707000000024
3354 563 622 30 0.504824337810317 0.0927251043530113 3589.065
2899 486 116 16 0.610206705194858 0.119006553984132 1110.49299999999
256 34 26 18 0.633998640057068 0.10546875 95.2719999999972
3511 546 42 14 0.666040662635982 0.138991740244944 1166.35999999999
3420 573 672 14 0.499474817686289 0.0947368421052632 926.964000000007
1953 320 203 30 0.560825523823334 0.102918586789555 2624.565
2951 466 259 18 0.58161505444613 0.121653676719756 1250.54000000001
3504 567 701 16 0.489694234001833 0.0773401826484018 1174.141
738 125 138 16 0.505928799523406 0.0907859078590786 227.64499999999
952 161 58 10 0.626400738370082 0.127100840336134 130.957999999984
1753 303 112 8 0.581613517492342 0.0798630918425556 151.447999999975
3589 561 657 8 0.517815031983692 0.105321816662023 279.895000000019
735 129 135 12 0.508199371911836 0.0829931972789116 131.822999999975
2947 466 29 4 0.616189385440834 0.0851713607058025 89.5990000000165
1127 173 214 18 0.516267184670532 0.0949423247559893 409.694000000018
704 116 112 16 0.526044276147449 0.0909090909090909 229.343999999983
247 43 39 6 0.572839549706859 0.125506072874494 11.015000000014
576 89 80 12 0.560126243228846 0.112847222222222 107.489999999991
1999 308 304 4 0.538225576979029 0.0970485242621311 52.7099999999919
3466 596 547 26 0.520993794402368 0.0836699365262551 2744.984
3573 585 708 24 0.503819239674029 0.102714805485586 2171.36199999999
3028 484 507 4 0.528075690943318 0.109313077939234 80.4270000000251
2339 362 241 26 0.569881324398777 0.111158614792646 1963.75
1062 149 113 8 0.588628936453414 0.110169491525424 90.4020000000019
2605 455 451 28 0.510562256614163 0.0779270633397313 2124.90699999998
2338 383 259 28 0.556673705418312 0.107784431137725 1977.17499999999
775 120 105 26 0.543982335001765 0.101935483870968 588.290999999997
382 68 60 4 0.522067795414726 0.0890052356020942 9.48699999999371
477 85 49 4 0.573427378169842 0.109014675052411 12.7380000000121
776 138 13 32 0.663535532100241 0.112113402061856 1279.51699999999
2287 388 56 6 0.601094477119698 0.0857017927415829 123.869999999995
1446 247 164 4 0.536963049051152 0.0753803596127248 39.0889999999781
2296 387 100 32 0.617085030029343 0.121080139372822 3540.663
1403 238 204 26 0.538389919803306 0.0855310049893086 1059.58100000001
525 73 5 24 0.724871495546694 0.0990476190476191 388.766000000003
1114 183 12 20 0.733590520349173 0.148114901256732 599.549999999988
654 104 111 6 0.520865236570124 0.081039755351682 30.1389999999956
1109 204 173 32 0.526955967630241 0.0739404869251578 1544.04399999999
22 7 3 28 0.64908122310814 0.181818181818182 0.237999999983003
864 143 137 18 0.526828944912861 0.09375 330.891000000003
3374 577 26 6 0.653475832192979 0.118257261410788 194.810999999987
2911 487 505 16 0.51311938385262 0.082445894881484 1319.37100000001
158 25 5 24 0.742719555910479 0.126582278481013 104.157999999996
1612 254 119 10 0.595427215031107 0.12468982630273 222.441000000021
3113 507 34 22 0.650646011442808 0.106970767748153 1930.05499999999
1487 225 44 6 0.631529500982887 0.102891728312038 83.2319999999891
1861 309 214 26 0.547405239391749 0.092960773777539 2031.649
43 5 4 8 0.629640005391441 0.0697674418604651 2.33299999998417
362 55 26 10 0.647201808883296 0.124309392265193 50.2299999999814
286 51 35 6 0.546250404091008 0.0804195804195804 13.7099999999919
1836 315 50 14 0.624125147170409 0.104575163398693 598.475000000006
1334 233 128 10 0.558288000600412 0.0862068965517241 177.687000000005
92 13 5 32 0.752729618084325 0.119565217391304 76.6290000000154
2633 404 215 12 0.591900901158046 0.12419293581466 552.698999999993
3459 586 436 28 0.539242307553924 0.0965596993350679 3449.49300000002
1714 288 143 16 0.587391816387207 0.112018669778296 615.271000000008
1295 209 197 14 0.541330822861952 0.113513513513514 366.665999999997
2242 374 45 26 0.631939949557198 0.0918822479928635 2072.67600000001
2767 463 125 32 0.622165387460549 0.136248644741597 4620.98000000001
3266 537 286 28 0.576650677544922 0.120024494794856 3339.93700000001
1088 181 60 12 0.607983921907027 0.123161764705882 272.187000000005
2481 412 454 26 0.505925734779634 0.0882708585247884 2186.111
108 15 2 24 0.707509479125746 0.12037037037037 57.3189999999886
2482 414 53 30 0.652043289208844 0.134568896051571 3628.90300000002
3619 612 65 18 0.626323215967663 0.127106935617574 1621.13999999998
1651 275 66 6 0.59714822481387 0.103573591762568 89.1430000000109
2730 469 464 32 0.498012945063481 0.0633699633699634 3776.35000000001
1125 176 162 14 0.547514827235922 0.112888888888889 320.517999999982
1491 250 49 28 0.632049937743168 0.118041582830315 1442.42200000002
1381 201 91 30 0.626848993695877 0.128167994207096 1739.946
3596 574 328 12 0.584075579159926 0.119021134593993 745.283999999985
3218 534 637 26 0.491385895085717 0.0857675574891237 2304.76999999999
110 16 16 20 0.584795058554557 0.109090909090909 40.5279999999912
3472 557 458 30 0.541302016294941 0.107142857142857 3953.704
743 101 128 4 0.538586110464382 0.100942126514132 18.5829999999842
3542 543 378 12 0.573062965119535 0.121682665160926 722.426000000007
843 120 126 4 0.571901090777173 0.109134045077106 21.4040000000095
3622 611 320 4 0.557920508795997 0.0814467145223633 105.692999999999
1612 266 77 6 0.607150266861847 0.113523573200993 85.5679999999993
500 97 29 20 0.627441161848682 0.106 236.703000000009
1145 200 146 24 0.552799463490921 0.109170305676856 745.192999999999
3255 524 248 12 0.588555207049214 0.119815668202765 679
2358 391 426 4 0.513947169360584 0.0920271416454623 60.5059999999939
220 42 17 28 0.590780608640265 0.0590909090909091 208.883999999991
3485 589 439 10 0.550692935755957 0.10674318507891 456.766999999993
1813 289 272 22 0.538699742574601 0.102040816326531 930.331000000006
1593 234 258 16 0.543244606492322 0.113622096672944 510.99099999998
1549 253 264 32 0.524375184202388 0.0858618463524855 2073.12299999999
2630 415 402 8 0.537112369524231 0.111787072243346 208.371000000014
1233 199 87 10 0.606810822714671 0.112733171127332 168.404999999999
2246 380 269 26 0.542723042982737 0.0961709706144256 1863.07500000001
2460 403 78 22 0.636145099346162 0.128455284552846 1512.701
1651 270 263 30 0.5300914699952 0.098122350090854 1998.038
178 29 30 20 0.638687012743568 0.140449438202247 64.7449999999953
3167 509 94 4 0.636182270933663 0.130091569308494 96.5290000000095
1587 254 241 14 0.541794733824998 0.109640831758034 441.108999999997
3233 522 473 30 0.543182001102072 0.107639962882771 3655.46799999999
2534 389 478 30 0.518762191342127 0.104972375690608 2651.61800000002
2456 411 403 30 0.513544231190309 0.0806188925081433 2721.06699999998
1570 254 74 14 0.627427104595597 0.127388535031847 499.868000000017
2452 397 462 4 0.499650481072543 0.0909461663947798 66.5069999999832
2504 404 473 18 0.497515869703938 0.0754792332268371 908.776000000013
303 56 58 30 0.495046722245147 0.0924092409240924 341.135000000009
454 73 71 8 0.556221382695345 0.0991189427312775 69.5559999999823
2174 338 109 12 0.618816801883395 0.124195032198712 695.201000000001
162 18 20 24 0.613483468062716 0.0864197530864197 86.8139999999548
355 56 68 18 0.528133724731163 0.104225352112676 118.397999999986
1643 270 322 32 0.504649251971213 0.106512477175898 2134.94300000003
540 87 102 10 0.538970566678807 0.112962962962963 66.2980000000098
1810 282 9 8 0.745725435725329 0.122651933701657 165.261999999988
2461 415 121 26 0.5917047501044 0.0841121495327103 2243.37399999995
2650 464 147 18 0.58440651810247 0.104528301886792 1072.26999999996
3230 531 137 20 0.609756427982731 0.10061919504644 1664.64400000003
3531 580 547 10 0.523514667983285 0.0894930614556783 439.845999999961
2985 508 198 16 0.573716886849727 0.101842546063652 1065.49099999998
60 8 5 24 0.661172625642019 0.116666666666667 19.7229999999981
3369 515 77 22 0.66592428880542 0.130602552686257 2033.44199999998
2037 338 58 6 0.607798457848314 0.0868924889543446 110.716000000015
1610 259 216 8 0.540916114302335 0.0937888198757764 129.88400000002
1138 210 137 18 0.515925903989929 0.0500878734622144 414.445000000007
1958 318 342 14 0.512119283350315 0.100612870275792 522.344999999972
3443 545 574 14 0.531333304362418 0.11153064188208 948.326000000001
1318 211 28 32 0.659460854142603 0.120637329286798 2106.679
2126 348 407 22 0.502283608274553 0.0997177798682973 1076.11299999995
1518 271 143 18 0.55634284578981 0.0783926218708827 584.478999999992
2680 430 235 16 0.577305299908251 0.103731343283582 940.301000000036
3214 532 269 6 0.575175343355617 0.116054760423149 165.793000000005
2998 488 91 26 0.61698821465187 0.117411607738492 2699.13699999999
868 145 149 12 0.532700950459113 0.110599078341014 160.609999999986
789 127 47 26 0.6210467843257 0.121673003802281 630.42200000002
2315 382 335 6 0.52740858025485 0.0833693304535637 111.375999999989
1835 289 192 14 0.576775228512614 0.113351498637602 535.353000000003
472 78 67 14 0.563495761520081 0.122881355932203 127.953000000038
59 11 10 14 0.631778353090529 0.135593220338983 9.93999999994412
2115 362 110 22 0.591618057836327 0.105437352245863 1240.82500000001
3122 504 290 8 0.56526017274362 0.103139013452915 265.114999999991
3568 588 482 28 0.532853487309365 0.0874439461883408 3459.92099999997
3231 535 237 6 0.580775523675725 0.113277623026927 168.214999999967
1788 289 259 8 0.530114261865623 0.0855704697986577 141.284999999974
2728 441 154 24 0.597066604025612 0.126466275659824 2586.77600000001
1639 258 3 20 0.83878570641671 0.125076266015863 888.477000000014
1988 349 59 14 0.622747324896921 0.102112676056338 638.176000000036
2333 359 390 14 0.52616599611289 0.101585940848693 631.495999999985
929 158 44 16 0.66791358487456 0.123789020452099 329.993000000017
3135 500 497 20 0.528539481750648 0.113237639553429 1420.60699999996
2204 357 369 18 0.529492128539117 0.107078039927405 822.870999999985
2324 390 324 32 0.538254028588997 0.092512908777969 3232.36599999998
976 165 19 20 0.661983575064787 0.111680327868852 476.060999999987
272 42 31 12 0.582568799468579 0.110294117647059 53.0260000000126
1835 298 281 14 0.537051449038316 0.100272479564033 505.701000000001
1405 241 12 26 0.720663372754364 0.155160142348754 1182.71099999995
1055 166 35 22 0.678831860507253 0.134597156398104 601.885999999999
1927 310 207 8 0.57435369298633 0.122470160871821 157.578999999969
9 3 3 26 0.493942246542001 0 0.0420000000158325
2854 489 546 14 0.493117736499035 0.079187105816398 753.270000000019
3096 529 176 16 0.599012088917477 0.121770025839793 1120.27299999999
2110 363 235 32 0.54637907772837 0.0872037914691943 2942.26399999997
280 50 15 22 0.700334283427128 0.142857142857143 148.002999999968
1365 221 172 8 0.551518434874149 0.104761904761905 112.402999999991
1095 190 75 8 0.588681582233489 0.11689497716895 93.9770000000135
2296 400 154 14 0.574884280688152 0.102787456445993 695.447999999975
2728 459 142 26 0.595425155739842 0.108870967741935 2423.41599999997
516 84 70 10 0.537321209810768 0.10077519379845 65.8640000000014
3359 554 117 10 0.607973562914231 0.112831199761834 479.494999999995
1471 234 273 14 0.512256370818919 0.0924541128484025 393.036000000022
2406 387 160 14 0.597984664600537 0.104322527015794 729.707999999984
2999 482 432 12 0.537283846849077 0.107702567522508 578.070999999996
2765 468 437 12 0.52684323570652 0.0998191681735986 521.770000000019
246 35 17 8 0.72088322953749 0.126016260162602 19.9439999999595
541 79 62 18 0.586612691770576 0.120147874306839 213.507000000041
1207 200 175 4 0.539483652123601 0.112676056338028 31.6770000000251
1627 265 268 14 0.51172614768989 0.0762138905961893 443.297999999952
1335 229 231 28 0.506239092098989 0.0808988764044944 1182.723
976 162 107 6 0.540291124029561 0.0717213114754098 48.8660000000382
740 121 108 26 0.535943592861085 0.095945945945946 546.18399999995
2512 419 11 10 0.742431076824919 0.13296178343949 366.063999999955
3180 503 290 16 0.569784136498454 0.118553459119497 1107.46499999997
140 18 3 14 0.779057576361893 0.0857142857142857 37.3559999999707
1926 322 124 4 0.593944755138179 0.102284527518172 55.2249999999767
360 51 7 24 0.771402339599626 0.133333333333333 256.347000000009
3446 580 199 22 0.583686553272942 0.0937318630295995 2040.75
1988 328 187 10 0.583956633292805 0.119718309859155 273.201000000001
3403 575 508 12 0.529222795819125 0.0881575080811049 643.885999999999
2626 442 516 6 0.493253113345444 0.0776846915460777 118.191999999981
2678 438 518 8 0.501994124745513 0.0918595967139657 201.542000000016
3463 582 676 22 0.496319170525854 0.0747906439503321 1765.50599999999
542 98 13 24 0.693557169332546 0.136531365313653 389.522999999986
720 107 78 20 0.578826342780938 0.108333333333333 306.561000000045
1440 237 106 4 0.579199683401663 0.102777777777778 41.9610000000102
131 20 2 22 0.696029839947988 0.137404580152672 60.7920000000158
857 139 43 16 0.646764329161524 0.136522753792299 303.783999999985
2542 444 43 28 0.640795214595846 0.119590873328088 2623.989
2185 334 386 26 0.522540999894506 0.105720823798627 1615.26000000001
1850 302 41 30 0.652579283550487 0.139459459459459 2522.73800000001
2876 463 202 6 0.585756821060075 0.111265646731572 149.901000000013
1463 244 216 14 0.53194911109072 0.101845522898154 404.183000000019
3160 550 577 24 0.492042096074441 0.0645569620253165 1992.16899999999
3511 576 192 26 0.594338706908988 0.104813443463401 3047.97100000002
932 149 11 10 0.737010476794588 0.141630901287554 139.361000000034
2395 410 472 10 0.493468840789357 0.0663883089770355 283.587
3335 568 656 30 0.498232816127686 0.0836581709145427 3796.16499999998
2862 471 470 30 0.516444217979158 0.0918937805730259 3700.245
3205 520 296 30 0.571427080310323 0.107644305772231 4203.06699999998
1264 194 160 12 0.577729145712821 0.123417721518987 245.742999999959
2888 441 322 26 0.55894430209677 0.109072022160665 2311.902
641 119 128 14 0.480344630504718 0.0514820592823713 165.923999999999
1645 263 188 10 0.570300363078455 0.121580547112462 215.675000000047
1893 297 357 6 0.512135921861982 0.104067617538299 86.2110000000102
3281 514 360 28 0.563530960651798 0.0963120999695215 3185.75599999999
1927 313 16 20 0.768406309380883 0.14270887389725 1014.701
2664 464 206 22 0.570504719041694 0.0998498498498498 1518.73199999996
297 51 48 12 0.527954279699535 0.0774410774410774 54.435999999987
488 93 83 22 0.515713651589373 0.0819672131147541 230.64499999996
3359 519 628 22 0.518786838423889 0.104793093182495 1745.04200000002
2088 352 17 4 0.675388120631649 0.119252873563218 63.3729999999632
2844 484 544 8 0.496681088685278 0.0784106891701828 212.646999999997
1180 186 201 10 0.522086337122235 0.100847457627119 142.25900000002
1312 218 192 4 0.534791216486549 0.106707317073171 33.9789999999921
699 119 118 28 0.525508929740201 0.0929899856938484 644.831000000006
454 76 57 24 0.582415353603447 0.105726872246696 319.868000000017
1347 215 152 14 0.566721605385094 0.103192279138827 387.923999999999
2387 359 2 10 0.801888120196848 0.217008797653959 354.488000000012
310 44 33 26 0.632092212876136 0.116129032258065 227.810999999987
503 83 86 8 0.489774447481614 0.0596421471172962 38.6419999999925
493 81 51 26 0.586010046335271 0.103448275862069 373.412000000011
1617 271 213 18 0.535290031895607 0.08286951144094 588.043999999994
2194 352 166 20 0.589215484698822 0.113035551504102 1053.21000000002
1842 314 85 14 0.601741704611106 0.111834961997828 571.91399999999
2449 411 336 16 0.532701043028417 0.0914659044507962 803.203000000038
1784 298 277 14 0.528713787715327 0.102017937219731 494.913
3456 582 663 4 0.493513084956717 0.0711805555555556 88.7430000000168
507 80 41 8 0.586793232511161 0.0867850098619329 41.9789999999921
2051 325 362 16 0.511604171263716 0.0892247684056558 645.621000000043
215 39 15 12 0.655937565460606 0.148837209302326 41.9400000000023
3185 481 621 32 0.507265285182497 0.111459968602826 4338.38199999998
3294 523 393 20 0.546089279692833 0.0907710989678203 1536.81400000001
3399 547 546 4 0.525717278033496 0.0962047661076787 89.4210000000312
306 46 44 32 0.583070805653842 0.11437908496732 380.340999999957
870 132 82 22 0.582328154705089 0.104597701149425 461.769000000029
630 107 28 30 0.634956478422819 0.123809523809524 732.396000000008
2342 391 105 30 0.604112227971027 0.112724167378309 3026.179
1327 247 239 8 0.495607382314695 0.0708364732479277 111.122000000032
907 146 142 24 0.548227750214365 0.120176405733186 729.641000000003
397 68 67 6 0.528182148310939 0.0906801007556675 18.2330000000075
934 156 50 18 0.637462516048684 0.123126338329764 400.342000000004
1386 220 111 20 0.582507203500768 0.103896103896104 679.476000000024
1172 197 147 4 0.554373361502738 0.111774744027304 32.4679999999935
1067 173 180 28 0.515032047189835 0.077788191190253 1246.61099999998
2015 334 156 20 0.574087275750242 0.0972704714640198 971.376999999979
